0.135,4.4749,-1.5707963267949,-0.52855998867063,-1.5707963267949,-1.5707963267949,1.58209617163382,-1.02544075949236e-16,-1.05353618296319,0
0.145036649441228,4.45518483178221,-1.55886857757481,-0.522793452233499,-1.5707963267949,-1.5707963267949,1.56114685825819,-1.02705029741332e-16,-1.04673446315335,0
0.155243256287804,4.43556174916216,-1.54694082835472,-0.516887066393778,-1.5707963267949,-1.5707963267949,1.53993697081554,-1.02911095464205e-16,-1.03981201867908,0
0.165618800740325,4.41603304054988,-1.53501307913462,-0.510836707332137,-1.5707963267949,-1.5707963267949,1.51845259804124,-1.03164485577379e-16,-1.03275906209508,0
0.176162228907819,4.39660098216173,-1.52308532991453,-0.504637824852507,-1.5707963267949,-1.5707963267949,1.49667874145468,-1.03467699890073e-16,-1.02556514511681,0
0.186872452957841,4.37726783751968,-1.51115758069444,-0.498285396983029,-1.5707963267949,-1.5707963267949,1.47459918619927,-1.03823564567475e-16,-1.01821907485953,0
0.197748351273692,4.35803585695248,-1.49922983147435,-0.49177387731784,-1.5707963267949,-1.5707963267949,1.4521963518862,-1.0423527842453e-16,-1.01070881734031,0
0.208788768618776,4.33890727709879,-1.48730208225426,-0.485097133687803,-1.5707963267949,-1.5707963267949,1.4294511194989,-1.04706468133326e-16,-1.0030213857117,0
0.219992516308027,4.31988432041239,-1.47537433303417,-0.478248376407331,-1.5707963267949,-1.5707963267949,1.40634262946469,-1.05241254409416e-16,-0.995142710086623,0
0.23135837238642,4.30096919466957,-1.46344658381408,-0.47122007390525,-1.5707963267949,-1.5707963267949,1.38284804477451,-1.05844331821153e-16,-0.987057485027179,0
0.242885081814505,4.28216409247872,-1.45151883459399,-0.464003852976548,-1.5707963267949,-1.5707963267949,1.3589422714374,-1.06521065636322e-16,-0.978748989747434,0
0.216381559087112,4.25381625844358,-1.47047849746128,-0.456675313050202,-1.5707963267949,-1.5707963267949,1.33487535261044,-1.07268587827585e-16,-0.959954863013326,0
0.189297757970789,4.22593427427737,-1.48943816032856,-0.449143878045324,-1.5707963267949,-1.5707963267949,1.31034981050266,-1.0810097033247e-16,-0.940905008076945,0
0.161641902370734,4.19853005904332,-1.50839782319585,-0.441398254148573,-1.5707963267949,-1.5707963267949,1.28533271862572,-1.09026122044972e-16,-0.92157779226327,0
0.133422461334461,4.17161538587485,-1.52735748606313,-0.433425736768966,-1.5707963267949,-1.5707963267949,1.25978729891673,-1.10053228496534e-16,-0.9019491421004,0
0.104648146446843,4.14520187693477,-1.54631714893042,-0.425211970910337,-1.5707963267949,-1.5707963267949,1.23367225294135,-1.11193020489843e-16,-0.881992114150162,0
0.0753279091216392,4.11930099842128,-1.5652768117977,-0.416740655416253,-1.5707963267949,-1.5707963267949,1.20694093657092,-1.12458116405347e-16,-0.861676365440336,0
0.0768129544580262,4.11761231747085,-1.56203650000934,-0.432193029449803,-1.5707963267949,-1.5707963267949,1.25585515781682,-1.10218944988553e-16,-0.898120173499965,0
0.0782371056145107,4.11633097813992,-1.55879618822098,-0.447441284319293,-1.5707963267949,-1.5707963267949,1.30483326735137,-1.08298273222686e-16,-0.934831989012299,0
0.0795965564150669,4.11544912113776,-1.55555587643262,-0.462464781461647,-1.5707963267949,-1.5707963267949,1.35387078213621,-1.06672991613336e-16,-0.971827967502058,0
0.0808876095751752,4.11495833358005,-1.55231556464425,-0.477241610960765,-1.5707963267949,-1.5707963267949,1.40296383781848,-1.05324263650873e-16,-1.00912615453249,0
0.0821066856927352,4.11484963688721,-1.54907525285589,-0.491748390380868,-1.5707963267949,-1.5707963267949,1.45210910143325,-1.0423698283019e-16,-1.04674659957443,0
0.0832503325801287,4.11511347100792,-1.54583494106753,-0.505960048710922,-1.5707963267949,-1.5707963267949,1.50130370205514,-1.03399355009946e-16,-1.08471150271355,0
0.0843152350308633,4.11573967466286,-1.54259462927917,-0.519849591075805,-1.5707963267949,-1.5707963267949,1.5505451758234,-1.0280258455583e-16,-1.1230453949642,0
0.085298225125967,4.11671746118559,-1.5393543174908,-0.533387839721851,-1.5707963267949,-1.5707963267949,1.59983142269951,-1.02440648737271e-16,-1.16177535404154,0
0.0861962932007552,4.1180353894126,-1.53611400570244,-0.546543146479104,-1.5707963267949,-1.5707963267949,1.64916067301856,-1.02310149653636e-16,-1.20093125845062,0
0.0765356784287626,4.08242693959662,-1.54600853206445,-0.533206168824379,-1.5707963267949,-1.5707963267949,1.59916067301857,-1.0244401471544e-16,-1.15768515815629,0
0.0665503000378726,4.04721743224732,-1.55590305842646,-0.519463895070831,-1.5707963267949,-1.5707963267949,1.54916067301856,-1.02816127008605e-16,-1.11484435396078,0
0.0562505894229408,4.01242275301368,-1.56579758478847,-0.505347747765544,-1.5707963267949,-1.5707963267949,1.49916067301856,-1.03430758076402e-16,-1.07237742331701,0
0.0456474964998814,3.97805794857123,-1.57569211115049,-0.490886546190768,-1.5707963267949,-1.5707963267949,1.44916067301856,-1.04295043131086e-16,-1.03025554694272,0
0.034752455380532,3.94413725091204,-1.5855866375125,-0.476106781206393,-1.5707963267949,-1.5707963267949,1.39916067301857,-1.05419184666868e-16,-0.988452233978038,0
0.0235773518511773,3.91067409754236,-1.59548116387451,-0.461032858982751,-1.5707963267949,-1.5707963267949,1.34916067301856,-1.06816750732187e-16,-0.946943078252621,0
0.0121344923512862,3.877681148245,-1.60537569023652,-0.44568731749428,-1.5707963267949,-1.5707963267949,1.29916067301856,-1.08505084422855e-16,-0.905705541792031,0
0.0352401775988607,3.8483407530096,-1.58740250873924,-0.430091019160279,-1.5707963267949,-1.5707963267949,1.24916067301856,-1.105058482729e-16,-0.874986708145787,0
0.0589709568925115,3.81977984254891,-1.56942932724196,-0.414263322591975,-1.5707963267949,-1.5707963267949,1.19916067301857,-1.1284573660203e-16,-0.844499272733847,0
0.0832985865872625,3.79201956053641,-1.55145614574468,-0.398222236030897,-1.5707963267949,-1.5707963267949,1.14916067301856,-1.15557401611471e-16,-0.814225227314678,0
0.108193995214842,3.76507967491473,-1.5334829642474,-0.381984554736712,-1.5707963267949,-1.5707963267949,1.09916067301857,-1.1868065670448e-16,-0.784147776628621,0
0.133627351094386,3.73897856142367,-1.51550978275012,-0.365565984298269,-1.5707963267949,-1.5707963267949,1.04916067301856,-1.22264045564492e-16,-0.754251215086814,0
0.159568129598405,3.7137331882495,-1.49753660125284,-0.348981251594626,-1.5707963267949,-1.5707963267949,0.999160673018565,-1.26366901690426e-16,-0.724520815810214,0
0.156744782343317,3.64316772040016,-1.4950607650242,-0.355965244936646,-1.5707963267949,-1.5707963267949,1.02015788437947,-1.24576334499166e-16,-0.74522847989678,0
0.153594623413362,3.57262352941199,-1.49258492879556,-0.36275353387697,-1.5707963267949,-1.5707963267949,1.04064743500223,-1.22924103819089e-16,-0.765624187646904,0
0.15011772783606,3.50210187035481,-1.49010909256692,-0.369359621990442,-1.5707963267949,-1.5707963267949,1.06066715008457,-1.21395735250097e-16,-0.785732260683455,0
0.146314176365369,3.4316039979373,-1.48763325633828,-0.375795438503793,-1.5707963267949,-1.5707963267949,1.08025047050413,-1.19978861190149e-16,-0.805574210657345,0
0.142184055480164,3.36113116648421,-1.48515742010964,-0.382071581571937,-1.5707963267949,-1.5707963267949,1.09942713319732,-1.18662840180081e-16,-0.825169176350079,0
0.137727457382621,3.29068462991365,-1.482681583881,-0.38819751516004,-1.5707963267949,-1.5707963267949,1.11822372161427,-1.17438457643541e-16,-0.844534277246606,0
0.132944479996499,3.22026564171425,-1.48020574765236,-0.39418172990784,-1.5707963267949,-1.5707963267949,1.13666411533925,-1.16297688122939e-16,-0.863684902291472,0
0.127835226965319,3.1498754549225,-1.47772991142372,-0.400031875716205,-1.5707963267949,-1.5707963267949,1.1547698605697,-1.15233504543755e-16,-0.882634947781236,0
0.12239980765045,3.07951532209996,-1.47525407519508,-0.405754871903415,-1.5707963267949,-1.5707963267949,1.1725604778385,-1.14239723844631e-16,-0.901397014930508,0
0.117643986497839,2.9760514013905,-1.47674541674203,-0.389768357692077,-1.5707963267949,-1.5707963267949,1.12305661796801,-1.17133798721683e-16,-0.867315331278253,0
0.112743416001754,2.87292918408628,-1.47823675828898,-0.373434342633566,-1.5707963267949,-1.5707963267949,1.07305661796802,-1.20490596898951e-16,-0.833085008343657,0
0.107691048774671,2.77024270677328,-1.47972809983593,-0.356927242581743,-1.5707963267949,-1.5707963267949,1.02305661796801,-1.24337005179042e-16,-0.799027770402371,0
0.102488238565561,2.66799875056207,-1.48121944138288,-0.340261313862354,-1.5707963267949,-1.5707963267949,0.973056617968016,-1.28739022667568e-16,-0.765129361128652,0
0.0971364161714377,2.56620366681216,-1.48271078292983,-0.323449982631555,-1.5707963267949,-1.5707963267949,0.923056617968016,-1.33777937656586e-16,-0.731376354366343,0
0.0916370855901908,2.46486338428901,-1.48420212447678,-0.306505930997026,-1.5707963267949,-1.5707963267949,0.873056617968015,-1.39554605377316e-16,-0.697756068007761,0
0.097091282025109,2.44986964179074,-1.4777780826482,-0.289441175348662,-1.5707963267949,-1.5707963267949,0.823056617968017,-1.46195298654721e-16,-0.670218017270017,0
0.10258248802538,2.43537148756462,-1.47135404081963,-0.272267137862591,-1.5707963267949,-1.5707963267949,0.773056617968016,-1.53859841645278e-16,-0.642789248369975,0
0.108101124394384,2.42137312332251,-1.46492999899106,-0.254994712031713,-1.5707963267949,-1.5707963267949,0.723056617968018,-1.62753130047832e-16,-0.615458867814744,0
0.113637549929606,2.40787822496657,-1.45850595716248,-0.237634322980589,-1.5707963267949,-1.5707963267949,0.673056617968013,-1.73141797222237e-16,-0.588216450479752,0
0.119182075217235,2.39488994582352,-1.45208191533391,-0.220195983240765,-1.5707963267949,-1.5707963267949,0.623056617968013,-1.85378915468336e-16,-0.561051983833464,0
0.124724976352442,2.38241091959214,-1.44565787350533,-0.202689344592321,-1.5707963267949,-1.5707963267949,0.573056617968017,-1.99941638693362e-16,-0.533955816095802,0
0.130256508597242,2.37044326306852,-1.43923383167676,-0.185123746517613,-1.5707963267949,-1.5707963267949,0.523056617968019,-2.1749044488928e-16,-0.5069186077844,0
0.1357669199858,2.35898857870384,-1.43280978984819,-0.167508261762269,-1.5707963267949,-1.5707963267949,0.473056617968016,-2.38965958310703e-16,-0.479931286153629,0
0.141246464885537,2.34804795704066,-1.42638574801961,-0.149851739455568,-1.5707963267949,-1.5707963267949,0.423056617968015,-2.65754440433353e-16,-0.452985002074218,0
0.146669368092778,2.33772757504503,-1.41996170619104,-0.133501857491572,-1.5707963267949,-1.5707963267949,0.376838854119363,-2.97070342867459e-16,-0.428514313803451,0
0.144358073156862,2.33481184248503,-1.42113695589518,-0.135725106196413,-1.5707963267949,-1.5707963267949,0.38311962920762,-2.92358354350405e-16,-0.432776595669643,0
0.14204295830246,2.33189915907988,-1.42231220559931,-0.1378602207879,-1.5707963267949,-1.5707963267949,0.389152493117708,-2.87979251235958e-16,-0.43687910047102,0
0.139724027566096,2.32898952990505,-1.42348745530345,-0.139916888215015,-1.5707963267949,-1.5707963267949,0.394964734157817,-2.83890191511362e-16,-0.44083942956679,0
0.137401284991118,2.32608296003061,-1.42466270500759,-0.14190314002917,-1.5707963267949,-1.5707963267949,0.400578976064994,-2.80056199495102e-16,-0.444672175142588,0
0.135074734627693,2.32317945452128,-1.42583795471173,-0.143825723308518,-1.5707963267949,-1.5707963267949,0.406014223320509,-2.76448330049496e-16,-0.448389594601531,0
0.132744380532798,2.3202790184364,-1.42701320441587,-0.145690371104407,-1.5707963267949,-1.5707963267949,0.411286623285713,-2.73042343220959e-16,-0.452002102253622,0
0.130410226770214,2.31738165682991,-1.42818845412,-0.147502003800548,-1.5707963267949,-1.5707963267949,0.416410033631129,-2.69817726928317e-16,-0.455518635385674,0
0.128072277410516,2.31448737475035,-1.42936370382414,-0.149264881804393,-1.5707963267949,-1.5707963267949,0.421396452609173,-2.66756962831821e-16,-0.458946931842649,0
0.125730536531069,2.31159617724087,-1.43053895352828,-0.150982723219369,-1.5707963267949,-1.5707963267949,0.426256350637255,-2.63844965784898e-16,-0.46229374393853,0
0.130451405822346,2.26445980455563,-1.42637177644169,-0.133501857491575,-1.5707963267949,-1.5707963267949,0.376838854119372,-2.97070342867452e-16,-0.430755530996729,0
0.135112636046498,2.21897740946576,-1.42220459935511,-0.133501857491573,-1.5707963267949,-1.5707963267949,0.376838854119367,-2.97070342867455e-16,-0.431153948845012,0
0.139945067474994,2.17351407495846,-1.41803742226852,-0.133501857491578,-1.5707963267949,-1.5707963267949,0.376838854119379,-2.97070342867447e-16,-0.431552366693306,0
0.144948622181036,2.12807044536317,-1.41387024518194,-0.133501857491575,-1.5707963267949,-1.5707963267949,0.376838854119372,-2.97070342867452e-16,-0.431950784541589,0
0.150123219813223,2.08264716469079,-1.40970306809535,-0.133501857491575,-1.5707963267949,-1.5707963267949,0.376838854119372,-2.97070342867452e-16,-0.432349202389876,0
0.155468777596865,2.03724487662451,-1.40553589100877,-0.133501857491572,-1.5707963267949,-1.5707963267949,0.376838854119363,-2.97070342867459e-16,-0.432747620238156,0
0.160985210335312,1.9918642245107,-1.40136871392218,-0.133501857491573,-1.5707963267949,-1.5707963267949,0.376838854119367,-2.97070342867456e-16,-0.433146038086446,0
0.166672430411328,1.94650585134979,-1.39720153683559,-0.133501857491575,-1.5707963267949,-1.5707963267949,0.376838854119372,-2.97070342867452e-16,-0.433544455934736,0
0.172530347788495,1.90117039978721,-1.39303435974901,-0.133501857491573,-1.5707963267949,-1.5707963267949,0.376838854119367,-2.97070342867455e-16,-0.433942873783019,0
0.177129065560181,1.88874255599702,-1.39017058423382,-0.133501857491572,-1.5707963267949,-1.5707963267949,0.376838854119363,-2.97070342867459e-16,-0.433997116178992,0
0.181762661522111,1.8763277904305,-1.38730680871863,-0.133501857491573,-1.5707963267949,-1.5707963267949,0.376838854119367,-2.97070342867455e-16,-0.434051358574969,0
0.186431098481075,1.86392620096947,-1.38444303320344,-0.133501857491572,-1.5707963267949,-1.5707963267949,0.376838854119363,-2.97070342867459e-16,-0.434105600970941,0
0.191134338969176,1.85153788538996,-1.38157925768824,-0.133501857491575,-1.5707963267949,-1.5707963267949,0.376838854119372,-2.97070342867452e-16,-0.434159843366922,0
0.195872345244127,1.83916294136147,-1.37871548217305,-0.133501857491575,-1.5707963267949,-1.5707963267949,0.376838854119372,-2.97070342867452e-16,-0.434214085762897,0
0.20064507928956,1.82680146644616,-1.37585170665786,-0.133501857491575,-1.5707963267949,-1.5707963267949,0.376838854119372,-2.97070342867452e-16,-0.434268328158872,0
0.205452502815325,1.81445355809815,-1.37298793114267,-0.133501857491575,-1.5707963267949,-1.5707963267949,0.376838854119372,-2.97070342867452e-16,-0.434322570554847,0
0.210294577257802,1.80211931366265,-1.37012415562748,-0.133501857491575,-1.5707963267949,-1.5707963267949,0.376838854119372,-2.97070342867452e-16,-0.434376812950822,0
0.204828787764715,1.75430758128373,-1.3729027435421,-0.148905364254079,-1.5707963267949,-1.5707963267949,0.42037946057843,-2.67375130642298e-16,-0.463523577099487,0
0.199102531635211,1.70693163600587,-1.37568133145673,-0.164711711843514,-1.5707963267949,-1.5707963267949,0.465130193303518,-2.42814325068286e-16,-0.493477626687251,0
0.193117316524226,1.66000327040105,-1.37845991937135,-0.180785068701386,-1.5707963267949,-1.5707963267949,0.510729491132579,-2.22376058445684e-16,-0.524013232110551,0
0.186875503122956,1.61353047163631,-1.38123850728598,-0.197038170290491,-1.5707963267949,-1.5707963267949,0.556953638312399,-2.05228992715167e-16,-0.554993942153375,0
0.180380003558065,1.56751872678739,-1.3840170952006,-0.213410722574579,-1.5707963267949,-1.5707963267949,0.603655833926229,-1.9072194051851e-16,-0.586333249935228,0
0.173634110365359,1.52197174856186,-1.38679568311523,-0.229858367419521,-1.5707963267949,-1.5707963267949,0.650735098642753,-1.78351397733077e-16,-0.61797453425892,0
0.166641392252582,1.47689190544087,-1.38957427102985,-0.246346629902153,-1.5707963267949,-1.5707963267949,0.698119264502299,-1.67727865511922e-16,-0.649880102087946,0
0.159405626507377,1.43228049017037,-1.39235285894448,-0.262847389558186,-1.5707963267949,-1.5707963267949,0.745755106760127,-1.58548201350807e-16,-0.68202484914185,0
0.151930752735641,1.38813789444034,-1.3951314468591,-0.279336711269625,-1.5707963267949,-1.5707963267949,0.793602329587843,-1.50574502235138e-16,-0.714392414710238,0
0.137106048108709,1.37483736009727,-1.40502151099896,-0.262103427485055,-1.5707963267949,-1.5707963267949,0.743602329587842,-1.58934578473328e-16,-0.680751291971734,0
0.122033153114504,1.3621312955327,-1.41491157513882,-0.244777949664662,-1.5707963267949,-1.5707963267949,0.693602329587843,-1.68671640898781e-16,-0.647202363269052,0
0.10672643054317,1.35002770997544,-1.42480163927868,-0.227370453394891,-1.5707963267949,-1.5707963267949,0.643602329587841,-1.80099567253989e-16,-0.613735453015748,0
0.0912005108967328,1.33853395981187,-1.43469170341854,-0.209890732648153,-1.5707963267949,-1.5707963267949,0.593602329587844,-1.93638841974638e-16,-0.580340767239414,0
0.0754702686041725,1.32765674409076,-1.4445817675584,-0.19234824956605,-1.5707963267949,-1.5707963267949,0.543602329587843,-2.09865519200596e-16,-0.547008843798442,0
0.0595507982872267,1.3174021002469,-1.45447183169826,-0.174752181152042,-1.5707963267949,-1.5707963267949,0.493602329587844,-2.29589954076375e-16,-0.513730505689377,0
0.0434573910562948,1.30777540008738,-1.46436189583812,-0.15711146334242,-1.5707963267949,-1.5707963267949,0.443602329587844,-2.53988788271058e-16,-0.480496816975924,0
0.0512871811099351,1.30302670223564,-1.45841947423952,-0.173070296150263,-1.5707963267949,-1.5707963267949,0.488830207200971,-2.3169433235277e-16,-0.51113030112776,0
0.0590710717113109,1.2987535969224,-1.45247705264093,-0.189246265886277,-1.5707963267949,-1.5707963267949,0.534777573352375,-2.13064789015808e-16,-0.542266136889701,0
0.0668004352017384,1.2949603278204,-1.44653463104233,-0.205568017005161,-1.5707963267949,-1.5707963267949,0.581266022898479,-1.97366095217599e-16,-0.573797274663472,0
0.0744668037798912,1.29164894819423,-1.44059220944374,-0.221984550293823,-1.5707963267949,-1.5707963267949,0.628175421159698,-1.84028550523547e-16,-0.60565457898258,0
0.0820618559784553,1.2888198858258,-1.43464978784514,-0.238457222016718,-1.5707963267949,-1.5707963267949,0.675421385195697,-1.72611998592185e-16,-0.637792310642236,0
0.0895774141925011,1.28647228898862,-1.42870736624655,-0.254955208275043,-1.5707963267949,-1.5707963267949,0.722942565306685,-1.62775009973569e-16,-0.67017994384145,0
0.0970054482543744,1.28460424881557,-1.42276494464795,-0.271452784324224,-1.5707963267949,-1.5707963267949,0.770693066311959,-1.54250739705213e-16,-0.702797308144095,0
0.104708858788301,1.28705725672995,-1.41467929478481,-0.287927609537916,-1.5707963267949,-1.5707963267949,0.818637722974165,-1.46828790780632e-16,-0.73907257390729,0
0.11226088990948,1.28999081889615,-1.40659364492167,-0.304359596571668,-1.5707963267949,-1.5707963267949,0.866749039634684,-1.40341773225827e-16,-0.775557337848738,0
0.119651119874318,1.29339945071309,-1.39850799505853,-0.320730133497762,-1.5707963267949,-1.5707963267949,0.915005141731894,-1.34655356974167e-16,-0.812248337334536,0
0.126869362406728,1.29727691312191,-1.39042234519538,-0.337021526109263,-1.5707963267949,-1.5707963267949,0.963388365246615,-1.29660878763508e-16,-0.849145602552439,0
0.133905686244113,1.30161625371019,-1.38233669533224,-0.353216580950919,-1.5707963267949,-1.5707963267949,1.01188426120223,-1.25269809022925e-16,-0.886251877981084,0
0.140750434900186,1.30640983791428,-1.3742510454691,-0.369298279755102,-1.5707963267949,-1.5707963267949,1.06048087779515,-1.21409577383951e-16,-0.923572230084495,0
0.136100614214668,1.20085532690812,-1.3806000773462,-0.352749924185571,-1.5707963267949,-1.5707963267949,1.01048087779515,-1.25388978589079e-16,-0.88229887528215,0
0.131413384857782,1.09574019771288,-1.3869491092233,-0.336046191442055,-1.5707963267949,-1.5707963267949,0.960480877795145,-1.29942849031075e-16,-0.841180897653792,0
0.126695975531228,0.991072976413512,-1.3932981411004,-0.319200312758727,-1.5707963267949,-1.5707963267949,0.910480877795145,-1.35156943470975e-16,-0.800205065965244,0
0.121955861920083,0.886861696887508,-1.3996471729775,-0.302224795716009,-1.5707963267949,-1.5707963267949,0.860480877795148,-1.41137884244353e-16,-0.75935887263609,0
0.117200751821608,0.783113902165739,-1.4059962048546,-0.285131500768154,-1.5707963267949,-1.5707963267949,0.810480877795145,-1.48019507079334e-16,-0.718630457212068,0
0.112438570577775,0.679836645206141,-1.4123452367317,-0.267931711168543,-1.5707963267949,-1.5707963267949,0.760480877795146,-1.55971722641794e-16,-0.678008536439804,0
0.10767744675932,0.577036489184568,-1.4186942686088,-0.25063619712049,-1.5707963267949,-1.5707963267949,0.710480877795145,-1.65213131409486e-16,-0.637482340115982,0
0.102925698057057,0.474719507392892,-1.4250433004859,-0.233255274889683,-1.5707963267949,-1.5707963267949,0.660480877795145,-1.76029379280733e-16,-0.597041551974914,0
0.151561798891998,0.455795313892129,-1.39366617827685,-0.249748251469078,-1.5707963267949,-1.5707963267949,0.707920788523481,-1.65725902916677e-16,-0.630371140782572,0
0.200485102446504,0.438752654554164,-1.36228905606779,-0.266248503006338,-1.5707963267949,-1.5707963267949,0.755603160959399,-1.56812497957226e-16,-0.663935916339948,0
0.249612053161184,0.42358655765507,-1.33091193385873,-0.2827327649569,-1.5707963267949,-1.5707963267949,0.803489836842241,-1.49062603143353e-16,-0.697720984930944,0
0.298860081189576,0.410287531056161,-1.29953481164967,-0.299180336367859,-1.5707963267949,-1.5707963267949,0.851551160210365,-1.42296476210174e-16,-0.731717391546826,0
0.348147860461985,0.398841721860845,-1.26815768944061,-0.31557220844924,-1.5707963267949,-1.5707963267949,0.899763659836525,-1.36370258596583e-16,-0.765920673750322,0
0.397395554273521,0.389231067538771,-1.23678056723155,-0.331890447908021,-1.5707963267949,-1.5707963267949,0.948108466899194,-1.31167862041055e-16,-0.800329896012928,0
0.446525050080797,0.381433444923676,-1.20540344502249,-0.348117742006203,-1.5707963267949,-1.5707963267949,0.996570206498007,-1.26594910719455e-16,-0.834946996172277,0
0.49546018445948,0.375422821053499,-1.17402632281343,-0.364237048236458,-1.5707963267949,-1.5707963267949,1.04513620348267,-1.22574182693487e-16,-0.869776341585401,0
0.478406816698644,0.390209237448662,-1.18186590764972,-0.380231312293388,-1.5707963267949,-1.5707963267949,1.09379590215144,-1.19042151134315e-16,-0.901979331624445,0
0.461364056373955,0.405539694016524,-1.18970549248602,-0.396083230421963,-1.5707963267949,-1.5707963267949,1.142540434813,-1.15946338679298e-16,-0.934409501584631,0
0.44434459459378,0.421410715407804,-1.19754507732232,-0.41177503982069,-1.5707963267949,-1.5707963267949,1.19136229610023,-1.13243278564756e-16,-0.96707710890034,0
0.427361175581544,0.437818125558773,-1.20538466215861,-0.427288325521978,-1.5707963267949,-1.5707963267949,1.24025509381606,-1.10896933126796e-16,-0.999994176342078,0
0.410426575059767,0.454757042189307,-1.21322424699491,-0.442603835172874,-1.5707963267949,-1.5707963267949,1.28921335611944,-1.08877460781585e-16,-1.03317448442177,0
0.39355357970378,0.472221868354304,-1.2210638318312,-0.457701295039269,-1.5707963267949,-1.5707963267949,1.33823238085649,-1.07160251609934e-16,-1.06663360471963,0
0.376754967445572,0.490206281097607,-1.2289034166675,-0.472559221739229,-1.5707963267949,-1.5707963267949,1.38730811690522,-1.05725172626017e-16,-1.10038896949559,0
0.360043488461096,0.508703217127969,-1.23674300150379,-0.487154724909293,-1.5707963267949,-1.5707963267949,1.43643707020925,-1.04555979106045e-16,-1.13445997505676,0
0.343431846711878,0.527704855320843,-1.24458258634009,-0.501463296364615,-1.5707963267949,-1.5707963267949,1.48561622914876,-1.03639859662655e-16,-1.16886811796815,0
0.355369568170764,0.485671336081365,-1.2381156764274,-0.497174778769913,-1.5707963267949,-1.5707963267949,1.47076208362291,-1.03890436790889e-16,-1.16308202764138,0
0.367407757885216,0.443686932545526,-1.23164876651472,-0.492814505107343,-1.5707963267949,-1.5707963267949,1.45576163252217,-1.04166305484653e-16,-1.15722138780758,0
0.379546110971221,0.401752101612581,-1.22518185660203,-0.4883806351626,-1.5707963267949,-1.5707963267949,1.44060913856893,-1.04468553786856e-16,-1.15128230140345,0
0.391784319294168,0.359867298002234,-1.21871494668934,-0.483871199264055,-1.5707963267949,-1.5707963267949,1.42529852221779,-1.04798366499781e-16,-1.14526065855522,0
0.404122071484795,0.318032974229113,-1.21224803677666,-0.479284087557183,-1.5707963267949,-1.5707963267949,1.40982333152004,-1.05157035236549e-16,-1.13915211716871,0
0.416559052955354,0.276249580577358,-1.20578112686397,-0.474617038030728,-1.5707963267949,-1.5707963267949,1.39417670852764,-1.05545969835962e-16,-1.13295208130713,0
0.42909494591596,0.234517565075327,-1.19931421695128,-0.469867623115648,-1.5707963267949,-1.5707963267949,1.37835135173696,-1.05966711363304e-16,-1.12665567703591,0
0.441729429391141,0.19283737347042,-1.1928473070386,-0.465033234646499,-1.5707963267949,-1.5707963267949,1.36233947398526,-1.06420946963033e-16,-1.12025772535772,0
0.454462179236588,0.151209449204027,-1.18638039712591,-0.460111066937164,-1.5707963267949,-1.5707963267949,1.34613275510703,-1.06910526882435e-16,-1.11375271179319,0
0.469046121054667,0.142743276295558,-1.17228155343591,-0.474928314013045,-1.5707963267949,-1.5707963267949,1.39521728492854,-1.05519274118104e-16,-1.15463468584995,0
0.483325368205209,0.134701184089137,-1.1581827097459,-0.489479305327443,-1.5707963267949,-1.5707963267949,1.44435451607898,-1.04391621706486e-16,-1.19583561699712,0
0.497289330603643,0.127063338802648,-1.1440838660559,-0.503739251276689,-1.5707963267949,-1.5707963267949,1.49354150874438,-1.03515276373795e-16,-1.2373773550244,0
0.510928420348339,0.119809208572961,-1.12998502236589,-0.517681476960921,-1.5707963267949,-1.5707963267949,1.54277573800833,-1.02880986656802e-16,-1.27928404991525,0
0.524234100690007,0.112917581569714,-1.11588617867589,-0.531277167220785,-1.5707963267949,-1.5707963267949,1.59205504890374,-1.02482304204274e-16,-1.32158236186194,0
0.537198937771912,0.106366582129479,-1.10178733498588,-0.544495083933704,-1.5707963267949,-1.5707963267949,1.64137762152477,-1.02315424017122e-16,-1.36430170908117,0
0.549816655793461,0.100133684592021,-1.08768849129587,-0.557301250404475,-1.5707963267949,-1.5707963267949,1.69074194472341,-1.02379096311715e-16,-1.40747455712017,0
0.562082196375271,0.0941957244412868,-1.07358964760587,-0.569658597124831,-1.5707963267949,-1.5707963267949,1.74014679736017,-1.02674606265538e-16,-1.45113675434771,0
0.573991783054926,0.0885289062672082,-1.05949080391586,-0.581526562486262,-1.5707963267949,-1.5707963267949,1.78959123644509,-1.03205821232118e-16,-1.49532791938232,0
0.678644471826905,0.0627764561202333,-0.988835213167504,-0.569522333402271,-1.5707963267949,-1.5707963267949,1.73959123644509,-1.02669984421624e-16,-1.46803890059528,0
0.785121681635754,0.044502216243009,-0.918179622419144,-0.557007809578965,-1.5707963267949,-1.5707963267949,1.68959123644508,-1.02374984456749e-16,-1.44126017654755,0
0.892854683882055,0.0338349598299223,-0.847524031670784,-0.544023519549618,-1.5707963267949,-1.5707963267949,1.63959123644509,-1.0231744330376e-16,-1.41495121870586,0
1.00126581033582,0.0308568696809998,-0.776868440922424,-0.530606410019431,-1.5707963267949,-1.5707963267949,1.58959123644509,-1.02496704717433e-16,-1.38907508036501,0
1.10977252381792,0.0356030237498754,-0.706212850174064,-0.516790233698914,-1.5707963267949,-1.5707963267949,1.53959123644509,-1.02914815993697e-16,-1.36359800881449,0
1.21779150048476,0.0480612426221461,-0.635557259425704,-0.502605892041076,-1.5707963267949,-1.5707963267949,1.48959123644508,-1.03576585012982e-16,-1.33848910260129,0
1.32474269233855,0.0681722975066224,-0.564901668677344,-0.488081738441028,-1.5707963267949,-1.5707963267949,1.43959123644509,-1.04489715549433e-16,-1.31372000833031,0
1.43005333867662,0.0958304745215647,-0.494246077928984,-0.473243846800348,-1.5707963267949,-1.5707963267949,1.38959123644508,-1.05665027996771e-16,-1.28926465209995,0
1.51780333852729,0.109734042447381,-0.448366609562065,-0.478056289136424,-1.5707963267949,-1.5707963267949,1.40569761679508,-1.05257005212694e-16,-1.29295609059906,0
1.604817340277,0.128105882046609,-0.402487141195146,-0.482783894106953,-1.5707963267949,-1.5707963267949,1.42162148226487,-1.04881269681409e-16,-1.29654985158352,0
1.69086558597121,0.1509069968549,-0.356607672828227,-0.487429149733079,-1.5707963267949,-1.5707963267949,1.43737036044669,-1.04536263544647e-16,-1.3000509746244,0
1.77572039450305,0.178086474893067,-0.310728204461308,-0.491994371903865,-1.5707963267949,-1.5707963267949,1.45295131917226,-1.04220563328363e-16,-1.30346421166438,0
1.85915678407523,0.209581600163934,-0.264848736094389,-0.49648171835101,-1.5707963267949,-1.5707963267949,1.46837100571177,-1.03932866567554e-16,-1.30679405224193,0
1.94095308861816,0.245317996862549,-0.21896926772747,-0.500893201123918,-1.5707963267949,-1.5707963267949,1.48363568181455,-1.03671980075122e-16,-1.310044746057,0
2.02089156643662,0.28520980596876,-0.173089799360551,-0.505230697754232,-1.5707963267949,-1.5707963267949,1.49875125511931,-1.03436809622619e-16,-1.31322032321663,0
2.09875899937575,0.329159893799635,-0.127210330993632,-0.509495961271241,-1.5707963267949,-1.5707963267949,1.51372330738447,-1.03226350837993e-16,-1.31632461244998,0
2.17434728082022,0.377060092008588,-0.0813308626267132,-0.513690629206432,-1.5707963267949,-1.5707963267949,1.52855711992466,-1.03039681156023e-16,-1.31936125754017,0
2.24745399086855,0.428791468428856,-0.0354513942597942,-0.517816231706089,-1.5707963267949,-1.5707963267949,1.54325769658528,-1.02875952682423e-16,-1.32233373218632,0
2.26462798655279,0.409639673554273,-0.0391236139598982,-0.531408381165522,-1.5707963267949,-1.5707963267949,1.59253743906946,-1.0247955251804e-16,-1.36167971140113,0
2.28132989543565,0.390376844079413,-0.0427958336600022,-0.544622438443825,-1.5707963267949,-1.5707963267949,1.6418604270341,-1.02314930099502e-16,-1.40144702827752,0
2.29757034721457,0.371007135585225,-0.0464680533601061,-0.557424398368221,-1.5707963267949,-1.5707963267949,1.69122515224796,-1.02380860435361e-16,-1.44166817975704,0
2.31336070595702,0.351534506391449,-0.0501402730602101,-0.569777159275361,-1.5707963267949,-1.5707963267949,1.74063039633971,-1.02678653628395e-16,-1.4823790491317,0
2.32871311715989,0.331962701762807,-0.053812492760314,-0.581640123249074,-1.5707963267949,-1.5707963267949,1.79007521900412,-1.03212202759565e-16,-1.52361929401245,0
2.34364056329016,0.31229523654945,-0.057484712460418,-0.592968744002282,-1.5707963267949,-1.5707963267949,1.83955895275205,-1.03988102214305e-16,-1.56543279319723,0
2.35995243735593,0.310069169477905,-0.0558700576175921,-0.581518985652153,-1.5707963267949,-1.5707963267949,1.78955895275205,-1.03205396379825e-16,-1.5295385195468,0
2.37597941507155,0.307898628821499,-0.0542554027747661,-0.56951441316937,-1.5707963267949,-1.5707963267949,1.73955895275205,-1.02669716759158e-16,-1.49419906002903,0
2.39170652475496,0.30578302580588,-0.0526407479319402,-0.55699957336254,-1.5707963267949,-1.5707963267949,1.68955895275205,-1.02374870908777e-16,-1.45936986783531,0
2.40711963105811,0.303721632932268,-0.0510260930891143,-0.544014992316435,-1.5707963267949,-1.5707963267949,1.63955895275205,-1.02317482574435e-16,-1.42501041688086,0
2.42220537116473,0.301713593917184,-0.0494114382462884,-0.530597614554025,-1.5707963267949,-1.5707963267949,1.58955895275205,-1.02496897254335e-16,-1.39108376264272,0
2.43695110008511,0.299757932571729,-0.0477967834034625,-0.5167811908388,-1.5707963267949,-1.5707963267949,1.53955895275205,-1.0291516400026e-16,-1.35755615435739,0
2.45134484370679,0.297853560785999,-0.0461821285606366,-0.502596620884711,-1.5707963267949,-1.5707963267949,1.48955895275205,-1.03577092510079e-16,-1.32439669231093,0
2.46537525846695,0.295999285757586,-0.0445674737178107,-0.488072256531897,-1.5707963267949,-1.5707963267949,1.43955895275205,-1.0449038848932e-16,-1.29157702466319,0
2.47903159668612,0.294193816580866,-0.0429528188749848,-0.473234170290138,-1.5707963267949,-1.5707963267949,1.38955895275205,-1.05665874435484e-16,-1.25907107890439,0
2.49230367674911,0.292435770295239,-0.0413381640321589,-0.458106393556291,-1.5707963267949,-1.5707963267949,1.33955895275205,-1.07117807789349e-16,-1.22685482363768,0
2.52405237364216,0.276284511595188,-0.0511050430047078,-0.442711128278622,-1.5707963267949,-1.5707963267949,1.28955895275205,-1.08864314244161e-16,-1.18324632925124,0
2.55532579097325,0.259949703499668,-0.0608719219772568,-0.427068935367906,-1.5707963267949,-1.5707963267949,1.23955895275205,-1.10927961487454e-16,-1.13988476249784,0
2.58611342246956,0.243444393189169,-0.0706388009498059,-0.41119890273877,-1.5707963267949,-1.5707963267949,1.18955895275205,-1.13336508578889e-16,-1.09675103546286,0
2.61640550077013,0.226781940051689,-0.080405679922355,-0.395118795499954,-1.5707963267949,-1.5707963267949,1.13955895275205,-1.16123879706942e-16,-1.05382738303757,0
2.64619298924453,0.209975989229422,-0.090172558894904,-0.378845190493893,-1.5707963267949,-1.5707963267949,1.08955895275205,-1.19331429947572e-16,-1.01109722837951,0
2.67546757511764,0.193040445715014,-0.0999394378674529,-0.362393597109224,-1.5707963267949,-1.5707963267949,1.03955895275205,-1.23009597496185e-16,-0.968545062100069,0
2.70422166364626,0.17598944890547,-0.109706316840002,-0.345778566049369,-1.5707963267949,-1.5707963267949,0.98955895275205,-1.27220075732736e-16,-0.92615633349581,0
2.73244837312812,0.158837347537982,-0.119473195812551,-0.329013787532134,-1.5707963267949,-1.5707963267949,0.939558952752051,-1.32038695853839e-16,-0.883917352348932,0
2.82362739470425,0.180245882253778,-0.0872610897372504,-0.312112180214872,-1.5707963267949,-1.5707963267949,0.889558952752051,-1.37559297086153e-16,-0.850230625820437,0
2.91362761590391,0.204863227637906,-0.0550489836619498,-0.295085971983923,-1.5707963267949,-1.5707963267949,0.83955895275205,-1.4389899392265e-16,-0.816668500205628,0
3.00233185246823,0.232620815070458,-0.0228368775866492,-0.277946773612351,-1.5707963267949,-1.5707963267949,0.789558952752049,-1.51205457641878e-16,-0.783219364731443,0
3.08962700541437,0.263445559819838,0.00937522848865145,-0.260705646173828,-1.5707963267949,-1.5707963267949,0.73955895275205,-1.5966716356802e-16,-0.74987215832421,0
3.17540423869146,0.297260108269748,0.0415873345639521,-0.243373163000446,-1.5707963267949,-1.5707963267949,0.689558952752048,-1.69528107758984e-16,-0.716616307651833,0
3.25955914275185,0.333983091829369,0.0737994406392527,-0.225959466886105,-1.5707963267949,-1.5707963267949,0.639558952752051,-1.81109437538715e-16,-0.683441669920422,0
3.34199188373506,0.373529386819835,0.106011546714553,-0.208474323163284,-1.5707963267949,-1.5707963267949,0.589558952752048,-1.94842099012453e-16,-0.650338479797483,0
3.42260733800326,0.415810379605364,0.138223652789854,-0.19092716921789,-1.5707963267949,-1.5707963267949,0.539558952752051,-2.11317646781971e-16,-0.617297299897124,0
3.50131521180948,0.460734236216681,0.170435758865155,-0.173327160953027,-1.5707963267949,-1.5707963267949,0.489558952752047,-2.31370199379918e-16,-0.584308974316226,0
3.54242685437465,0.456229092262087,0.170830755216909,-0.189505950785764,-1.5707963267949,-1.5707963267949,0.535516165903138,-2.12792750487981e-16,-0.614559551612664,0
3.5831007089549,0.451642911326504,0.171225751568664,-0.205829575449084,-1.5707963267949,-1.5707963267949,0.582012164539618,-1.97135852808064e-16,-0.645204079563908,0
3.62333372509654,0.446974630519802,0.171620747920418,-0.22224728345169,-1.5707963267949,-1.5707963267949,0.628927526648227,-1.83832146938142e-16,-0.676173887647996,0
3.66312435943591,0.442223443670706,0.172015744272173,-0.238720585211031,-1.5707963267949,-1.5707963267949,0.67617831904251,-1.72443278191406e-16,-0.707423532261023,0
3.70247223870846,0.437388745707537,0.172410740623928,-0.255218756185034,-1.5707963267949,-1.5707963267949,0.723703488588674,-1.62629180439115e-16,-0.738922684811268,0
3.7413779439982,0.432470097379379,0.172805736975682,-0.271716137178701,-1.5707963267949,-1.5707963267949,0.771457342984508,-1.54124038502487e-16,-0.770651312191519,0
3.79518425105865,0.406926957333934,0.159638927409091,-0.288190431263447,-1.5707963267949,-1.5707963267949,0.819404860173027,-1.46718237101799e-16,-0.799256703298766,0
3.84824547883271,0.380844624996683,0.146472117842499,-0.304621580046718,-1.5707963267949,-1.5707963267949,0.867518648279786,-1.40244984530086e-16,-0.828071510625728,0
3.90055821220094,0.354244572984244,0.133305308275907,-0.320990990181162,-1.5707963267949,-1.5707963267949,0.915776909732951,-1.34570412989273e-16,-0.857092529947924,0
3.95212015982254,0.327148285569844,0.120138498709315,-0.337280978437328,-1.5707963267949,-1.5707963267949,0.964162038796566,-1.29586220060122e-16,-0.886319838758847,0
4.00293012061579,0.299577204150146,0.106971689142723,-0.353474356522483,-1.5707963267949,-1.5707963267949,1.01265963141556,-1.25204160787975e-16,-0.915756221296162,0
4.05298795846565,0.271552676349414,0.0938048795761312,-0.369554106683656,-1.5707963267949,-1.5707963267949,1.06125777097082,-1.21351891657144e-16,-0.945406778693719,0
4.10229458282316,0.243095907670813,0.0806380700095393,-0.385503116592329,-1.5707963267949,-1.5707963267949,1.10994650324343,-1.17969808625e-16,-0.975278669061137,0
4.15085193365244,0.214227914922219,0.0674712604429474,-0.401303952523461,-1.5707963267949,-1.5707963267949,1.15871744400213,-1.15008622296732e-16,-1.00538094189217,0
4.19866296970471,0.184969480846849,0.0543044508763557,-0.416938656328217,-1.5707963267949,-1.5707963267949,1.2075634814042,-1.12427484963157e-16,-1.03572444349297,0
4.30393218183783,0.206071928075777,0.0835351714195941,-0.401314922244278,-1.5707963267949,-1.5707963267949,1.1587515026494,-1.15006693026455e-16,-1.01063821318894,0
4.40834783896177,0.229678480397526,0.112765891962833,-0.38511370177921,-1.5707963267949,-1.5707963267949,1.1087515026494,-1.18047529701704e-16,-0.984941448020839,0
4.51162717481836,0.255719745696863,0.141996612506071,-0.368728658695925,-1.5707963267949,-1.5707963267949,1.0587515026494,-1.2153842377703e-16,-0.959428505470956,0
4.61370627484427,0.284135840731829,0.17122733304931,-0.352174699531341,-1.5707963267949,-1.5707963267949,1.0087515026494,-1.25536451228706e-16,-0.934084479002378,0
4.7145246236476,0.314864871253408,0.200458053592548,-0.335465833806423,-1.5707963267949,-1.5707963267949,0.958751502649401,-1.30111620006372e-16,-0.90889535909413,0
4.81402516814333,0.347843129372647,0.229688774135787,-0.318615266368702,-1.5707963267949,-1.5707963267949,0.9087515026494,-1.35350321250177e-16,-0.883847940898684,0
4.91215437079801,0.383005292312306,0.258919494679025,-0.301635481178973,-1.5707963267949,-1.5707963267949,0.858751502649403,-1.41360000738591e-16,-0.85892974045525,0
5.00886225283657,0.420284622153637,0.288150215222264,-0.284538317595582,-1.5707963267949,-1.5707963267949,0.808751502649402,-1.48275576531417e-16,-0.834128918405474,0
5.06643875773119,0.470679968343006,0.319068955224345,-0.285038967727651,-1.5707963267949,-1.5707963267949,0.810211081167756,-1.48059371799009e-16,-0.833664974568195,0
5.12238550440876,0.522916105931562,0.349987695226427,-0.285538315328592,-1.5707963267949,-1.5707963267949,0.811667125684474,-1.47844597031863e-16,-0.833198799260408,0
5.17664363489606,0.576940292715193,0.380906435228509,-0.286036369883461,-1.5707963267949,-1.5707963267949,0.813119662738944,-1.4763123707005e-16,-0.832730409536445,0
5.22915599919297,0.632697904431891,0.411825175230591,-0.286533140760445,-1.5707963267949,-1.5707963267949,0.814568718543068,-1.47419276984096e-16,-0.832259822240021,0
5.2798672154554,0.690132490106491,0.442743915232673,-0.287028637212857,-1.5707963267949,-1.5707963267949,0.816014318986854,-1.4720870207043e-16,-0.831787054007831,0
5.32872372838381,0.749185829319894,0.473662655234755,-0.287522868381103,-1.5707963267949,-1.5707963267949,0.817456489643941,-1.46999497846934e-16,-0.831312121273108,0
5.37567386575574,0.809797991344557,0.504581395236837,-0.288015843294604,-1.5707963267949,-1.5707963267949,0.818895255776996,-1.46791650048599e-16,-0.830835040269098,0
5.42066789304273,0.871907396086061,0.535500135238918,-0.288507570873668,-1.5707963267949,-1.5707963267949,0.820330642342959,-1.46585144623292e-16,-0.830355827032433,0
5.46365806605388,0.935450876768682,0.566418875241,-0.288998059931315,-1.5707963267949,-1.5707963267949,0.82176267399818,-1.4637996772763e-16,-0.829874497406443,0
5.50459868155044,1.00036374430102,0.597337615243082,-0.289487319175092,-1.5707963267949,-1.5707963267949,0.823191375103505,-1.46176105722933e-16,-0.829391067044428,0
5.55238592311402,0.979616825733093,0.577644101386615,-0.272313561355464,-1.5707963267949,-1.5707963267949,0.77319137510351,-1.53837637344548e-16,-0.799961692099415,0
5.59937206891006,0.957474570390384,0.557950587530147,-0.255041386486981,-1.5707963267949,-1.5707963267949,0.723191375103506,-1.62727288144323e-16,-0.770630734203248,0
5.64551220204328,0.933966606710565,0.538257073673679,-0.23768122087968,-1.5707963267949,-1.5707963267949,0.673191375103507,-1.73111496366332e-16,-0.741387767045906,0
5.69076269282874,0.909124221217833,0.518563559817212,-0.220243078105782,-1.5707963267949,-1.5707963267949,0.623191375103507,-1.85343058062956e-16,-0.712222777055157,0
5.7350812612885,0.882980296262757,0.498870045960744,-0.202736610851122,-1.5707963267949,-1.5707963267949,0.57319137510351,-1.99898725501019e-16,-0.683126111545176,0
5.77842703717653,0.855569245792535,0.479176532104277,-0.185171159377315,-1.5707963267949,-1.5707963267949,0.523191375103504,-2.17438374437939e-16,-0.654088430254332,0
5.82076061744327,0.826926949191206,0.459483018247809,-0.167555797089938,-1.5707963267949,-1.5707963267949,0.473191375103506,-2.38901692722129e-16,-0.625100659777064,0
5.81997971129227,0.837051243887648,0.467032576696928,-0.183666552459274,-1.5707963267949,-1.5707963267949,0.518915471162487,-2.19104478392113e-16,-0.656328626561178,0
5.81874722487245,0.846945241283736,0.474582135146046,-0.199944759479295,-1.5707963267949,-1.5707963267949,0.565233821197864,-2.02470189117051e-16,-0.687983395671003,0
5.81706472202935,0.856597940762218,0.482131693595164,-0.216333576777964,-1.5707963267949,-1.5707963267949,0.612009514908437,-1.88376523995729e-16,-0.719984898177375,0
5.81493545444108,0.865999111044857,0.489681252044282,-0.232790753559687,-1.5707963267949,-1.5707963267949,0.659147678015367,-1.76342592514503e-16,-0.75228051059705,0
5.81236397601346,0.875139155987819,0.4972308104934,-0.249283154148341,-1.5707963267949,-1.5707963267949,0.706580094740653,-1.65996090217056e-16,-0.78483515282815,0
5.80935589598951,0.88400903609306,0.504780368942518,-0.265783533864223,-1.5707963267949,-1.5707963267949,0.754256202470287,-1.57046857659999e-16,-0.81762550693637,0
5.80591771328197,0.892600222456118,0.512329927391636,-0.282268539748445,-1.5707963267949,-1.5707963267949,0.802137559600096,-1.49266820609222e-16,-0.850636484276426,0
5.80205670071589,0.900904670551745,0.519879485840754,-0.298717412015605,-1.5707963267949,-1.5707963267949,0.850194306541923,-1.42475082328925e-16,-0.88385898504556,0
5.81596052478266,0.897309914005067,0.519281718518537,-0.315111103562303,-1.5707963267949,-1.5707963267949,0.898402822136521,-1.36526895189151e-16,-0.918958261723759,0
5.82947642354962,0.893429412674745,0.518683951196321,-0.331431657613965,-1.5707963267949,-1.5707963267949,0.946744124802612,-1.31305479337803e-16,-0.954263462968486,0
5.84260691565452,0.88926568007919,0.518086183874105,-0.347661749131683,-1.5707963267949,-1.5707963267949,0.99520275323629,-1.26715915374289e-16,-0.989776452514743,0
5.85535500641859,0.884821497757461,0.517488416551888,-0.363784332110274,-1.5707963267949,-1.5707963267949,1.04376596496633,-1.22680549632757e-16,-1.02550153389649,0
5.86772417193774,0.880099904317645,0.516890649229672,-0.379782355996789,-1.5707963267949,-1.5707963267949,1.09242315104294,-1.19135508777283e-16,-1.06144514871688,0
5.87971834889779,0.87510418781385,0.516292881907456,-0.39563852703941,-1.5707963267949,-1.5707963267949,1.14116540107464,-1.16028034380738e-16,-1.09761568033626,0
5.89134192899839,0.869837880787648,0.51569511458524,-0.411335098075865,-1.5707963267949,-1.5707963267949,1.18998517501322,-1.1331442922475e-16,-1.13402333586868,0
5.8826696599736,0.870471175643995,0.524513963477071,-0.426853675077914,-1.5707963267949,-1.5707963267949,1.23887605215295,-1.1095846455997e-16,-1.17620037659398,0
5.8736867454633,0.870738623908831,0.533332812368903,-0.442175031807845,-1.5707963267949,-1.5707963267949,1.28783253694596,-1.08930138472737e-16,-1.21864024524467,0
5.86440695997529,0.870635520513621,0.542151661260735,-0.457278925867687,-1.5707963267949,-1.5707963267949,1.33684990729972,-1.07204704789006e-16,-1.26135846212621,0
5.85484454405704,0.870157777372249,0.550970510152567,-0.472143910621012,-1.5707963267949,-1.5707963267949,1.38592409513081,-1.05761913091543e-16,-1.3043724057916,0
5.84501419552209,0.869301948643312,0.559789359044399,-0.486747138176619,-1.5707963267949,-1.5707963267949,1.43505159178374,-1.04585415856174e-16,-1.34770141547654,0
5.83493106295046,0.868065258072062,0.568608207936231,-0.501064148988732,-1.5707963267949,-1.5707963267949,1.48422937291641,-1.03662310117187e-16,-1.3913669263847,0
5.82461074155784,0.866445628729717,0.577427056828063,-0.515068643739356,-1.5707963267949,-1.5707963267949,1.53345483887895,-1.02982789636603e-16,-1.43539263818424,0
5.8140692716097,0.864441715544455,0.586245905719894,-0.528732233080744,-1.5707963267949,-1.5707963267949,1.58272576765197,-1.02539890118718e-16,-1.47980471820349,0
5.80332313963694,0.862052941105251,0.595064754611726,-0.542024160562875,-1.5707963267949,-1.5707963267949,1.63204027818298,-1.02329315188322e-16,-1.52463204183999,0
5.82608155216209,0.877462637518932,0.607162748940215,-0.528940308085182,-1.5707963267949,-1.5707963267949,1.58348663845735,-1.02534882110015e-16,-1.50057823769252,0
5.8486099968353,0.893071710459584,0.619260743268704,-0.515095431757406,-1.5707963267949,-1.5707963267949,1.53355017142126,-1.02981705529493e-16,-1.47590263008467,0
5.87063311016874,0.908677727172855,0.631358737597193,-0.50086857528796,-1.5707963267949,-1.5707963267949,1.48355017142126,-1.03673375785845e-16,-1.45154546965458,0
5.89213353510725,0.924251278792468,0.643456731925681,-0.486305173232767,-1.5707963267949,-1.5707963267949,1.43355017142126,-1.04617544018259e-16,-1.42752485481024,0
5.91310746824561,0.939771665589792,0.65555472625417,-0.471431040772993,-1.5707963267949,-1.5707963267949,1.38355017142126,-1.05825426618687e-16,-1.40381497037048,0
5.93355217001621,0.955218270227764,0.667652720582659,-0.456269978748257,-1.5707963267949,-1.5707963267949,1.33355017142126,-1.07311720485902e-16,-1.38039201549569,0
5.94751279866058,1.06900411458648,0.740800135622492,-0.440843982360759,-1.5707963267949,-1.5707963267949,1.28355017142126,-1.09095051705537e-16,-1.35061638959586,0
5.95270131163004,1.1835870872945,0.813947550662325,-0.425173426993651,-1.5707963267949,-1.5707963267949,1.23355017142126,-1.11198568309738e-16,-1.32108532267564,0
5.94909430348887,1.29826543437126,0.887094965702157,-0.409277233980667,-1.5707963267949,-1.5707963267949,1.18355017142125,-1.13650713728135e-16,-1.29177989340129,0
5.93672670109094,1.4123398368973,0.96024238074199,-0.393173018805036,-1.5707963267949,-1.5707963267949,1.13355017142126,-1.16486231617682e-16,-1.2626824862896,0
5.91569110410102,1.5251184304038,1.03338979578182,-0.376877223892791,-1.5707963267949,-1.5707963267949,1.08355017142126,-1.19747472435515e-16,-1.23377665891452,0
5.8861366840255,1.63592172126866,1.10653721082166,-0.360405237893284,-1.5707963267949,-1.5707963267949,1.03355017142126,-1.23486100162554e-16,-1.20504702262669,0
5.8482676549973,1.74408736095965,1.17968462586149,-0.343771503103483,-1.5707963267949,-1.5707963267949,0.983550171421259,-1.27765338294772e-16,-1.17647913512916,0
5.80234133307638,1.84897474046965,1.25283204090132,-0.326989612487846,-1.5707963267949,-1.5707963267949,0.933550171421258,-1.32662954414258e-16,-1.14805940345747,0
5.74866580418118,1.94996936912095,1.32597945594115,-0.310072397568419,-1.5707963267949,-1.5707963267949,0.883550171421257,-1.38275273390466e-16,-1.11977499608957,0
5.68759722392653,2.04648700405604,1.39912687098099,-0.293032008306589,-1.5707963267949,-1.5707963267949,0.833550171421257,-1.4472264888918e-16,-1.09161376306407,0
5.65702016659522,2.02659144760721,1.40813068329479,-0.309446866342868,-1.5707963267949,-1.5707963267949,0.8817085362731,-1.3849710980465e-16,-1.12455834951222,0
5.62658880623527,2.00600454894521,1.41713449560859,-0.325794707198171,-1.5707963267949,-1.5707963267949,0.93000580797943,-1.33035996833684e-16,-1.15770885999582,0
5.59631758625442,1.98473022065027,1.42613830792239,-0.342058031622277,-1.5707963267949,-1.5707963267949,0.978425411563695,-1.28237414462301e-16,-1.19106621878856,0
5.56622090988666,1.96277318098994,1.43514212023619,-0.358219732061561,-1.5707963267949,-1.5707963267949,1.02695373946956,-1.24018179316213e-16,-1.22463392588772,0
5.53631310858309,1.94013893288864,1.44414593254999,-0.374262788410897,-1.5707963267949,-1.5707963267949,1.07557950037902,-1.20309988697364e-16,-1.25841771008042,0
5.50660841238632,1.91683374918596,1.45314974486379,-0.390170015999408,-1.5707963267949,-1.5707963267949,1.12429323808114,-1.17056498579445e-16,-1.29242529982661,0
5.47712092169346,1.89286466278321,1.46215355717759,-0.40592384706016,-1.5707963267949,-1.5707963267949,1.17308697025394,-1.14211077842832e-16,-1.32666628057123,0
5.44786457996848,1.86823946075743,1.47115736949139,-0.421506132581523,-1.5707963267949,-1.5707963267949,1.22195391344319,-1.11735070278915e-16,-1.3611520178717,0
5.44156415324765,1.86362610430875,1.47859976423822,-0.425390897122389,-1.5707963267949,-1.5707963267949,1.23423902810816,-1.11167291372715e-16,-1.37754475612517,0
5.43529271327101,1.85897630040921,1.48604215898505,-0.42922061294993,-1.5707963267949,-1.5707963267949,1.24639246947677,-1.1062625430721e-16,-1.3938608697956,0
5.42905054764283,1.85429040351288,1.49348455373188,-0.432996945024232,-1.5707963267949,-1.5707963267949,1.2584189960922,-1.10110660369003e-16,-1.4101034524661,0
5.42283794039457,1.84956877027667,1.50092694847871,-0.436721461283997,-1.5707963267949,-1.5707963267949,1.27032309966185,-1.09619306527902e-16,-1.42627542790535,0
5.41665517196801,1.84481175952681,1.50836934322553,-0.440395640030807,-1.5707963267949,-1.5707963267949,1.28210902566279,-1.09151076690815e-16,-1.44237956328884,0
5.41050251919868,1.84001973222504,1.51581173797236,-0.444020876597776,-1.5707963267949,-1.5707963267949,1.29378079195028,-1.08704933923024e-16,-1.45841848113874,0
5.46365517708519,1.84407282503725,1.4913535176511,-0.428398776115737,-1.5707963267949,-1.5707963267949,1.24378079195028,-1.10740808177857e-16,-1.43260721919049,0
5.51703425798637,1.8460766489789,1.46689529732984,-0.412547277312438,-1.5707963267949,-1.5707963267949,1.19378079195029,-1.13119015430975e-16,-1.40702535556351,0
5.57055755495731,1.84601667585426,1.44243707700858,-0.396484251584567,-1.5707963267949,-1.5707963267949,1.14378079195029,-1.15872915004947e-16,-1.38165501886109,0
5.6241420355429,1.84388202572018,1.41797885668732,-0.380226371258191,-1.5707963267949,-1.5707963267949,1.09378079195028,-1.19043176834302e-16,-1.35647953675718,0
5.67770401387812,1.83966549232509,1.39352063636606,-0.36378923149214,-1.5707963267949,-1.5707963267949,1.04378079195028,-1.22679396555009e-16,-1.33148331409295,0
5.73115932274755,1.83336356228135,1.3690624160448,-0.347187460003821,-1.5707963267949,-1.5707963267949,0.993780791950283,-1.26842217262943e-16,-1.30665172315098,0
5.78442348549508,1.82497642778997,1.34460419572354,-0.330434816108837,-1.5707963267949,-1.5707963267949,0.943780791950285,-1.31606142894396e-16,-1.28197100461568,0
5.83741188764093,1.81450799276519,1.32014597540228,-0.313544280383211,-1.5707963267949,-1.5707963267949,0.893780791950286,-1.370633114763e-16,-1.25742817791102,0
5.89003994803462,1.80196587223336,1.29568775508103,-0.296528136099223,-1.5707963267949,-1.5707963267949,0.843780791950284,-1.43328624110138e-16,-1.23301095976472,0
5.88705640128155,1.8260502730431,1.31165064366318,-0.312930236915186,-1.5707963267949,-1.5707963267949,0.891970266465341,-1.37275305703685e-16,-1.26349656848805,0
5.88363827333552,1.84964337973739,1.32761353224533,-0.329261548033551,-1.5707963267949,-1.5707963267949,0.940294833694416,-1.31962942987512e-16,-1.29418805962299,0
5.87980814841646,1.87273938269255,1.34357642082748,-0.345504682462902,-1.5707963267949,-1.5707963267949,0.988738615189975,-1.27293996992621e-16,-1.32508694171343,0
5.87558871267285,1.89533374692273,1.35953930940964,-0.361642574609788,-1.5707963267949,-1.5707963267949,1.03728854388337,-1.2318873526352e-16,-1.35619721328417,0
5.8710026868541,1.91742319686296,1.37550219799179,-0.377658189096298,-1.5707963267949,-1.5707963267949,1.08593375438162,-1.19581617435681e-16,-1.38752504432015,0
5.86607276188274,1.93900570494702,1.39146508657394,-0.393534277205896,-1.5707963267949,-1.5707963267949,1.13466513086955,-1.1641853406011e-16,-1.41907856772272,0
5.86082153645872,1.96008048285507,1.40742797515609,-0.409253163639804,-1.5707963267949,-1.5707963267949,1.18347496662083,-1.13654681148955e-16,-1.45086775206432,0
5.84736146950559,2.0644702557209,1.46536108982362,-0.411793898388135,-1.5707963267949,-1.5707963267949,1.19142133902137,-1.13240234436263e-16,-1.45298719592601,0
5.82762603428511,2.16795420819395,1.52329420449114,-0.414310692734007,-1.5707963267949,-1.5707963267949,1.19930929016631,-1.128382485813e-16,-1.45507215893454,0
5.80167570017288,2.27015462882626,1.58122731915866,-0.416804053148227,-1.5707963267949,-1.5707963267949,1.20714025717158,-1.12448302949358e-16,-1.45712357173506,0
5.76959369689764,2.37069781767096,1.63916043382618,-0.419274465948903,-1.5707963267949,-1.5707963267949,1.21491562150445,-1.12069998136643e-16,-1.45914232947673,0
5.73148574974198,2.46921545922204,1.6970935484937,-0.421722398369828,-1.5707963267949,-1.5707963267949,1.2226367119655,-1.11702954621758e-16,-1.46112929372632,0
5.68747973184746,2.56534597794496,1.75502666316122,-0.424148299556562,-1.5707963267949,-1.5707963267949,1.23030480746856,-1.11346811521351e-16,-1.46308529425212,0
5.63772523476495,2.6587358713892,1.81295977782875,-0.426552601496112,-1.5707963267949,-1.5707963267949,1.23792113963522,-1.11001225440494e-16,-1.4650111306887,0
5.58239305869367,2.74904101594777,1.87089289249627,-0.428935719885471,-1.5707963267949,-1.5707963267949,1.24548689521873,-1.10665869409353e-16,-1.46690757409232,0
5.5216746241508,2.83592794042208,1.92882600716379,-0.431298054943948,-1.5707963267949,-1.5707963267949,1.25300321837074,-1.10340431898579e-16,-1.46877536839532,0
5.45578130710521,2.91907506266099,1.98675912183131,-0.433639992173582,-1.5707963267949,-1.5707963267949,1.2604712127633,-1.10024615906575e-16,-1.47061523176772,0
5.50594839778338,2.9784458698782,1.95861428045896,-0.417863018287031,-1.5707963267949,-1.5707963267949,1.2104712127633,-1.12285162919845e-16,-1.43566416159347,0
5.55812468143155,3.03611811024423,1.93046943908661,-0.401868691587256,-1.5707963267949,-1.5707963267949,1.1604712127633,-1.14909521711079e-16,-1.40093044423245,0
5.61224554700642,3.09201466477043,1.90232459771426,-0.385674070456824,-1.5707963267949,-1.5707963267949,1.1104712127633,-1.17935763179103e-16,-1.36639702130209,0
5.6682429902632,3.14606133317875,1.87417975634191,-0.369295096852222,-1.5707963267949,-1.5707963267949,1.0604712127633,-1.21410295795746e-16,-1.3320479508459,0
5.72604577122351,3.19818698334121,1.84603491496956,-0.352746709919033,-1.5707963267949,-1.5707963267949,1.0104712127633,-1.25389800867484e-16,-1.29786829371829,0
5.78557957700403,3.24832369318105,1.81789007359721,-0.336042948444677,-1.5707963267949,-1.5707963267949,0.9604712127633,-1.29943790055878e-16,-1.26384401113185,0
5.84676718984653,3.29640688473527,1.78974523222486,-0.31919704351558,-1.5707963267949,-1.5707963267949,0.910471212763301,-1.35158021663246e-16,-1.22996187200015,0
5.90952866014348,3.34237545009065,1.76160039085251,-0.302221502579904,-1.5707963267949,-1.5707963267949,0.860471212763301,-1.41139122606213e-16,-1.19620936887503,0
5.87674098803751,3.3827116484725,1.78712956383043,-0.285128185973776,-1.5707963267949,-1.5707963267949,0.810471212763305,-1.48020934632533e-16,-1.15853835774742,0
5.84272119300756,3.42163950529744,1.81265873680835,-0.267928376845369,-1.5707963267949,-1.5707963267949,0.760471212763299,-1.55973376454077e-16,-1.12097383914208,0
5.80753291337731,3.45912073924795,1.83818790978627,-0.2506328453047,-1.5707963267949,-1.5707963267949,0.710471212763301,-1.65215059507676e-16,-1.08350504294901,0
5.77124096316293,3.49512015133766,1.86371708276419,-0.233251907535127,-1.5707963267949,-1.5707963267949,0.660471212763301,-1.76031644937058e-16,-1.04612165298484,0
5.73391117770484,3.529605653356,1.8892462557421,-0.21579548052399,-1.5707963267949,-1.5707963267949,0.610471212763303,-1.88803231983987e-16,-1.00881375226224,0
5.69561025906156,3.5625482892701,1.91477542872002,-0.198273133002151,-1.5707963267949,-1.5707963267949,0.560471212763302,-2.04046416374812e-16,-0.971571772050337,0
5.65640562144856,3.59392224954554,1.94030460169794,-0.180694133124805,-1.5707963267949,-1.5707963267949,0.510471212763299,-2.22481075849423e-16,-0.934386444193938,0
5.64890502030418,3.67356750163038,1.95823409943342,-0.196946411542609,-1.5707963267949,-1.5707963267949,0.556692311238734,-2.05317481992515e-16,-0.964869270763631,0
5.64024332570213,3.75267376289842,1.9761635971689,-0.213318427724934,-1.5707963267949,-1.5707963267949,0.603392134666345,-1.9079711644066e-16,-0.995711084520979,0
5.630445686051,3.83122610200629,1.99409309490438,-0.229765754035357,-1.5707963267949,-1.5707963267949,0.650469502620837,-1.7841574325714e-16,-1.02685513267711,0
5.61953685024751,3.90921170454355,2.01202259263985,-0.24625387151992,-1.5707963267949,-1.5707963267949,0.697852117475173,-1.67783306368751e-16,-1.05826363655894,0
5.60754115405498,3.98661957433128,2.02995209037533,-0.262754630980993,-1.5707963267949,-1.5707963267949,0.745486667431729,-1.58596242476374e-16,-1.08991143356649,0
5.59448249158884,4.06344032732956,2.04788158811081,-0.27924407821829,-1.5707963267949,-1.5707963267949,0.793332796198557,-1.50616330155888e-16,-1.12178212160808,0
5.58038427845932,4.13966604119519,2.06581108584629,-0.295701053038631,-1.5707963267949,-1.5707963267949,0.841359272045031,-1.43654936810743e-16,-1.15386562914628,0
5.5779114083705,4.14394464252081,2.06387161971856,-0.278565727963055,-1.5707963267949,-1.5707963267949,0.791359272045027,-1.5092360112843e-16,-1.1182312716,0
5.57567941397898,4.1478204236838,2.06193215359084,-0.261328084372528,-1.5707963267949,-1.5707963267949,0.741359272045035,-1.5933986265573e-16,-1.08269923256869,0
5.57368789031353,4.15128837904127,2.05999268746311,-0.243998712141616,-1.5707963267949,-1.5707963267949,0.691359272045025,-1.69145393889375e-16,-1.04725892217774,0
5.5719362124121,4.15434384876332,2.05805322133539,-0.22658776862221,-1.5707963267949,-1.5707963267949,0.641359272045037,-1.80658079875138e-16,-1.01190018307531,0
5.57042354016372,4.15698251799958,2.05611375520766,-0.209105031858686,-1.5707963267949,-1.5707963267949,0.591359272045031,-1.94304169140348e-16,-0.976613237216981,0
5.56914882290017,4.15920041644519,2.05417428907993,-0.191559950221885,-1.5707963267949,-1.5707963267949,0.541359272045039,-2.10668251281862e-16,-0.941388636231942,0
5.56811080377005,4.16099391825736,2.05223482295221,-0.173961688974384,-1.5707963267949,-1.5707963267949,0.491359272045035,-2.30573758138858e-16,-0.90621721485759,0
5.57624085244073,4.18312633450597,2.04828473781849,-0.15631917423424,-1.5707963267949,-1.5707963267949,0.441359272045023,-2.55218192800846e-16,-0.8746558046651,0
5.58470288780057,4.20479276515246,2.04433465268477,-0.138641134765811,-1.5707963267949,-1.5707963267949,0.391359272045033,-2.86412029552669e-16,-0.843129919200916,0
5.59389600436827,4.22519319147667,2.04038456755104,-0.133501857491576,-1.5707963267949,-1.5707963267949,0.376838854119372,-2.97070342867452e-16,-0.834544853616866,0
5.60338180591044,4.24516282311741,2.03643448241732,-0.133501857491577,-1.5707963267949,-1.5707963267949,0.376838854119374,-2.9707034286745e-16,-0.835340928684244,0
5.61296127727037,4.26508921491115,2.0324843972836,-0.133501857491576,-1.5707963267949,-1.5707963267949,0.376838854119374,-2.9707034286745e-16,-0.836137003751621,0
5.6226342201024,4.28497192671715,2.02853431214988,-0.13350185749158,-1.5707963267949,-1.5707963267949,0.376838854119383,-2.97070342867443e-16,-0.836933078819003,0
5.63240043398963,4.30481051930965,2.02458422701616,-0.133501857491576,-1.5707963267949,-1.5707963267949,0.376838854119374,-2.9707034286745e-16,-0.837729153886375,0
5.6422597164482,4.32460455438764,2.02063414188244,-0.133501857491572,-1.5707963267949,-1.5707963267949,0.376838854119363,-2.97070342867459e-16,-0.838525228953744,0
5.65221186293153,4.34435359458457,2.01668405674872,-0.13350185749157,-1.5707963267949,-1.5707963267949,0.376838854119356,-2.97070342867464e-16,-0.839321304021116,0
5.6283011895057,4.37378609968532,2.03517567998595,-0.148905364254083,-1.5707963267949,-1.5707963267949,0.42037946057844,-2.67375130642292e-16,-0.867557429985597,0
5.60407450166516,4.40240909315875,2.05366730322318,-0.16471171184351,-1.5707963267949,-1.5707963267949,0.465130193303507,-2.42814325068292e-16,-0.896600841389146,0
5.57956551022579,4.43021545472664,2.0721589264604,-0.18078506870139,-1.5707963267949,-1.5707963267949,0.51072949113259,-2.22376058445679e-16,-0.926225808628259,0
5.55480642207674,4.4572027193975,2.09065054969763,-0.197038170290486,-1.5707963267949,-1.5707963267949,0.55695363831239,-2.0522899271517e-16,-0.956295880486871,0
5.5298282734409,4.48337176755732,2.10914217293486,-0.213410722574578,-1.5707963267949,-1.5707963267949,0.603655833926226,-1.90721940518511e-16,-0.986724550084524,0
5.50466108535698,4.50872607840482,2.12763379617209,-0.229858367419519,-1.5707963267949,-1.5707963267949,0.650735098642748,-1.78351397733078e-16,-1.01745519622401,0
5.47933393054346,4.53327126983908,2.14612541940931,-0.246346629902154,-1.5707963267949,-1.5707963267949,0.698119264502303,-1.67727865511921e-16,-1.04845012586884,0
5.45387495333596,4.5570147941456,2.16461704264654,-0.262847389558186,-1.5707963267949,-1.5707963267949,0.745755106760125,-1.58548201350807e-16,-1.07968423473854,0
5.47226463577751,4.57507906594924,2.14947345427829,-0.245525668652944,-1.5707963267949,-1.5707963267949,0.695755106760138,-1.68220140085388e-16,-1.04437239131833,0
5.49121713526591,4.59253464187354,2.13432986591003,-0.228121499413488,-1.5707963267949,-1.5707963267949,0.645755106760129,-1.79567506791206e-16,-1.0091429962323,0
5.51071377522844,4.60936195632889,2.11918627754178,-0.210644691193319,-1.5707963267949,-1.5707963267949,0.59575510676013,-1.93005344666519e-16,-0.973986240126998,0
5.53073507265648,4.62554225083044,2.10404268917353,-0.19310471943884,-1.5707963267949,-1.5707963267949,0.545755106760117,-2.09101661528591e-16,-0.938892647555992,0
5.55126077516027,4.64105760366422,2.08889910080528,-0.175510772505187,-1.5707963267949,-1.5707963267949,0.495755106760131,-2.28654505139307e-16,-0.903853030164187,0
5.57226989874553,4.65589095841824,2.07375551243703,-0.157871795830895,-1.5707963267949,-1.5707963267949,0.445755106760132,-2.52820921105655e-16,-0.868858442513008,0
5.54718209268184,4.68626985270088,2.09313219990304,-0.173843134841161,-1.5707963267949,-1.5707963267949,0.491022891132713,-2.30722105399917e-16,-0.900051880140033,0
5.52184527845474,4.71582954143696,2.11250888736906,-0.190027534058106,-1.5707963267949,-1.5707963267949,0.536999744336542,-2.12248706738122e-16,-0.931741326391626,0
5.49629172462816,4.74457182347033,2.13188557483507,-0.206354882430951,-1.5707963267949,-1.5707963267949,0.583510811832166,-1.96675305679117e-16,-0.963822037779113,0
5.47055248239207,4.77250141377555,2.15126226230109,-0.222774920039325,-1.5707963267949,-1.5707963267949,0.630438086167183,-1.8343921628698e-16,-0.996226266770466,0
5.44465748981818,4.79962537877526,2.1706389497671,-0.239249463497051,-1.5707963267949,-1.5707963267949,0.677698527891875,-1.72105678037173e-16,-1.02890915730214,0
5.41863561117403,4.82595277107152,2.19001563723312,-0.255747985753701,-1.5707963267949,-1.5707963267949,0.725231673764252,-1.62337344057576e-16,-1.06184077318258,0
5.42645458374185,4.82747182792438,2.18541539389653,-0.27224495796061,-1.5707963267949,-1.5707963267949,0.77299223534867,-1.53870453282588e-16,-1.09112022730497,0
5.43451181402058,4.82858029057447,2.18081515055993,-0.288718170088717,-1.5707963267949,-1.5707963267949,0.820945475811142,-1.46496950007139e-16,-1.12061612038422,0
5.44280080984949,4.8292765144966,2.17621490722334,-0.305147621297092,-1.5707963267949,-1.5707963267949,0.869064210143792,-1.40051236349465e-16,-1.15032126825338,0
5.45131471033981,4.8295594631535,2.17161466388675,-0.321514755127667,-1.5707963267949,-1.5707963267949,0.917326794313208,-1.3440036717661e-16,-1.1802325833371,0
5.46004632610882,4.82942867622241,2.16701442055015,-0.337801910078535,-1.5707963267949,-1.5707963267949,0.965715738869015,-1.29436760472657e-16,-1.21035023768693,0
5.46898817067104,4.82888424857819,2.16241417721356,-0.353991907976141,-1.5707963267949,-1.5707963267949,1.01421672941913,-1.25072739646416e-16,-1.24067709508432,0
5.47715327474298,4.91487145326212,2.1502709377749,-0.337299317706014,-1.5707963267949,-1.5707963267949,0.964216729419137,-1.29580948379007e-16,-1.20166716166807,0
5.48624529667617,5.00045836108434,2.13812769833624,-0.320463618905817,-1.5707963267949,-1.5707963267949,0.914216729419135,-1.34742318398774e-16,-1.16280033678188,0
5.49625384868697,5.08562510306729,2.12598445889758,-0.303497370492416,-1.5707963267949,-1.5707963267949,0.864216729419137,-1.40661718754391e-16,-1.1240640615089,0
5.50716781806787,5.17035234603726,2.11384121945892,-0.286412478777709,-1.5707963267949,-1.5707963267949,0.814216729419135,-1.47470682702078e-16,-1.08544642953722,0
5.5189753938842,5.25462131286563,2.10169798002026,-0.26922026785739,-1.5707963267949,-1.5707963267949,0.764216729419131,-1.5533604541272e-16,-1.04693611677115,0
5.53166409365892,5.33841380238378,2.08955474058161,-0.251931544166711,-1.5707963267949,-1.5707963267949,0.714216729419137,-1.64472221471327e-16,-1.00852231677545,0
5.54522079012176,5.42171220891257,2.07741150114295,-0.23455665594573,-1.5707963267949,-1.5707963267949,0.664216729419129,-1.75159038550133e-16,-0.97019468131004,0
5.55963173808559,5.50449954135334,2.06526826170429,-0.217105548276927,-1.5707963267949,-1.5707963267949,0.614216729419141,-1.87768291916012e-16,-0.93194326529247,0
5.57488260150044,5.58675944179268,2.05312502226563,-0.199587814289588,-1.5707963267949,-1.5707963267949,0.564216729419127,-2.02804428251994e-16,-0.893758475593411,0
5.59095848072608,5.66847620357822,2.04098178282697,-0.182012743067486,-1.5707963267949,-1.5707963267949,0.514216729419139,-2.20968974655865e-16,-0.85563102312914,0
